[17, 18, 8, 15, 14, 34, 29, 23, 27, 44] # Value optimal policy for solution experiment 1
[17, 18, 8, 15, 14, 29, 29, 22, 27, 44] # Value optimal policy for solution experiment 2
[27, 18, 8, 22, 20, 42, 31, 25, 33, 65] # Value optimal policy for solution experiment 3


[38, 34, 35, 30, 11, 19, 35, 43, 35, 25, 24, 32, 38, 35, 12, 25, 35, 25, 27, 42, 25, 13, 12, 29, 11, 17, 29, 34, 35, 27, 27, 25, 15, 13, 54, 17, 19, 16, 46, 37, 35, 35, 27, 19, 27, 17, 23, 25, 25, 35] # Value optimal policy for solution experiment 6: hard
[18, 35, 27, 24, 4, 35, 22, 15, 19, 23, 35, 56, 19, 27, 15, 26, 36, 38, 17, 22, 39, 17, 27, 14, 14, 33, 13, 42, 9, 21, 17, 29, 27, 10, 36, 31, 25, 17, 10, 9, 35, 12, 25, 25, 25, 19, 37, 35, 14, 20] # Value optimal policy for solution experiment 7: mixed
[8, 23, 19, 27, 8, 34, 27, 25, 32, 19, 43, 9, 19, 29, 11, 27, 27, 33, 31, 31, 48, 13, 35, 37, 8, 23, 17, 13, 25, 19, 25, 19, 22, 15, 26, 11, 23, 25, 11, 15, 14, 19, 23, 21, 35, 25, 19, 21, 37, 16] # Value optimal policy for solution experiment 8: soft_strict
[27, 37, 39, 9, 34, 29, 17, 27, 13, 13, 25, 31, 29, 19, 16, 27, 20, 31, 39, 35, 27, 27, 19, 36, 10, 20, 12, 32, 18, 35, 22, 26, 15, 25, 24, 17, 27, 12, 29, 15, 59, 12, 19, 27, 13, 23, 19, 17, 31, 34] # Value optimal policy for solution experiment 9: soft
[20, 18, 19, 29, 12, 35, 12, 21, 29, 33, 25, 11, 29, 27, 33, 21, 19, 35, 20, 31, 17, 19, 9, 27, 27, 29, 29, 25, 17, 27, 31, 27, 11, 21, 29, 25, 19, 25, 35, 13, 35, 35, 9, 27, 25, 35, 35, 25, 23, 17] # Value optimal policy for solution experiment 10: no_orders
