[16, 12, 9, 9, 17, 30, 29, 28, 18, 40] # Value optimal policy for solution experiment 1
[16, 12, 9, 9, 17, 30, 23, 12, 18, 34] # Value optimal policy for solution experiment 2
[32, 27, 9, 9, 31, 66, 48, 27, 32, 65] # Value optimal policy for solution experiment 3


[25, 24, 13, 22, 15, 23, 24, 28, 21, 20, 16, 24, 22, 29, 15, 19, 24, 20, 29, 23, 27, 8, 12, 26, 15, 6, 18, 21, 22, 18, 18, 22, 9, 16, 37, 14, 18, 31, 33, 18, 26, 15, 18, 16, 18, 6, 14, 13, 20, 15] # Value optimal policy for solution experiment 6: hard
[16, 15, 25, 13, 5, 25, 22, 15, 14, 22, 15, 45, 16, 22, 9, 23, 27, 20, 20, 21, 24, 14, 18, 17, 17, 29, 19, 26, 22, 18, 9, 26, 23, 11, 24, 20, 16, 25, 11, 11, 35, 12, 20, 22, 20, 13, 18, 38, 16, 17] # Value optimal policy for solution experiment 7: mixed
[10, 13, 22, 18, 9, 29, 22, 21, 22, 8, 21, 2, 13, 18, 24, 22, 22, 19, 9, 29, 29, 8, 19, 16, 18, 13, 15, 19, 16, 22, 28, 24, 20, 19, 24, 9, 9, 29, 17, 20, 23, 14, 17, 16, 13, 29, 30, 15, 22, 9] # Value optimal policy for solution experiment 8: soft_strict
[16, 29, 22, 18, 20, 26, 14, 22, 14, 10, 11, 23, 28, 11, 21, 28, 25, 14, 27, 11, 20, 20, 16, 28, 11, 24, 12, 19, 21, 11, 19, 16, 15, 21, 17, 27, 25, 23, 30, 15, 32, 18, 14, 16, 13, 13, 22, 21, 25, 16] # Value optimal policy for solution experiment 9: soft
[13, 18, 10, 18, 16, 24, 18, 15, 21, 11, 13, 15, 16, 11, 16, 8, 14, 24, 13, 21, 20, 22, 2, 18, 21, 23, 15, 20, 6, 16, 15, 22, 12, 16, 22, 20, 16, 20, 20, 19, 13, 22, 10, 20, 20, 24, 14, 18, 15, 22] # Value optimal policy for solution experiment 10: no_orders
