[14, 14, 18, 14, 20, 30, 33, 20, 24, 36] # Value optimal policy for solution experiment 1
[14, 14, 18, 14, 20, 30, 33, 20, 24, 36] # Value optimal policy for solution experiment 2
[22, 20, 20, 24, 28, 43, 46, 25, 41, 53] # Value optimal policy for solution experiment 3


[27, 23, 20, 30, 10, 30, 29, 36, 25, 16, 24, 28, 24, 33, 16, 25, 35, 28, 28, 24, 24, 13, 19, 30, 12, 12, 16, 16, 22, 22, 22, 22, 14, 14, 42, 20, 27, 32, 38, 24, 24, 22, 22, 20, 18, 12, 22, 14, 20, 23] # Value optimal policy for solution experiment 6: hard
[15, 20, 24, 20, 10, 26, 30, 19, 18, 19, 19, 52, 21, 26, 11, 23, 28, 22, 28, 20, 30, 20, 22, 14, 16, 20, 25, 28, 24, 19, 18, 30, 20, 16, 30, 26, 14, 24, 16, 21, 23, 12, 27, 23, 16, 16, 24, 26, 22, 24] # Value optimal policy for solution experiment 7: mixed
[16, 18, 30, 18, 18, 26, 26, 22, 32, 12, 24, 8, 16, 16, 18, 24, 22, 18, 20, 28, 38, 16, 24, 20, 22, 16, 19, 25, 20, 24, 28, 26, 21, 16, 22, 13, 16, 23, 24, 17, 30, 18, 20, 24, 22, 29, 35, 22, 29, 16] # Value optimal policy for solution experiment 8: soft_strict
[19, 30, 32, 23, 24, 28, 15, 18, 16, 23, 25, 30, 29, 18, 24, 27, 24, 16, 35, 16, 18, 24, 18, 38, 16, 23, 12, 20, 25, 17, 14, 18, 16, 24, 26, 26, 22, 24, 33, 16, 40, 22, 20, 19, 22, 11, 30, 24, 28, 20] # Value optimal policy for solution experiment 9: soft
[20, 21, 20, 16, 19, 32, 22, 22, 33, 16, 14, 12, 19, 17, 22, 16, 16, 28, 15, 30, 24, 27, 8, 22, 20, 33, 20, 28, 12, 16, 20, 26, 18, 18, 29, 28, 21, 28, 24, 18, 20, 27, 14, 24, 21, 24, 18, 18, 13, 26] # Value optimal policy for solution experiment 10: no_orders
