[12, 11, 12, 11, 14, 21, 20, 17, 18, 28] # Value optimal policy for solution experiment 1
[12, 11, 12, 11, 14, 19, 18, 13, 18, 26] # Value optimal policy for solution experiment 2
[28, 27, 18, 23, 20, 33, 32, 27, 32, 74] # Value optimal policy for solution experiment 3


[26, 22, 22, 22, 13, 20, 27, 22, 22, 12, 21, 26, 22, 26, 14, 27, 23, 20, 29, 21, 24, 12, 13, 24, 15, 12, 28, 24, 22, 24, 24, 22, 11, 17, 42, 16, 21, 28, 30, 27, 18, 26, 22, 20, 18, 12, 19, 20, 18, 33] # Value optimal policy for solution experiment 6: hard
[15, 24, 20, 16, 8, 22, 29, 13, 18, 19, 22, 46, 16, 16, 11, 23, 36, 26, 22, 18, 21, 16, 24, 10, 16, 25, 22, 33, 18, 17, 12, 29, 25, 14, 28, 15, 22, 16, 14, 20, 26, 9, 26, 28, 14, 16, 27, 32, 14, 23] # Value optimal policy for solution experiment 7: mixed
[12, 16, 16, 20, 12, 26, 16, 20, 27, 14, 28, 5, 16, 28, 14, 14, 22, 20, 22, 32, 30, 10, 32, 22, 22, 23, 15, 20, 22, 28, 23, 26, 23, 12, 27, 11, 14, 25, 22, 19, 26, 18, 18, 16, 24, 21, 35, 16, 19, 16] # Value optimal policy for solution experiment 8: soft_strict
[26, 30, 19, 24, 27, 24, 13, 16, 13, 23, 23, 24, 30, 12, 25, 28, 22, 24, 28, 24, 24, 24, 20, 35, 14, 24, 9, 19, 15, 24, 18, 22, 15, 28, 24, 20, 23, 18, 22, 15, 24, 21, 14, 26, 18, 18, 20, 12, 24, 26] # Value optimal policy for solution experiment 9: soft
[20, 14, 14, 19, 18, 22, 18, 16, 20, 24, 22, 15, 19, 14, 22, 14, 24, 20, 14, 22, 12, 24, 5, 24, 18, 22, 18, 20, 12, 17, 22, 24, 14, 16, 18, 20, 16, 18, 16, 16, 22, 18, 10, 24, 18, 20, 24, 18, 20, 24] # Value optimal policy for solution experiment 10: no_orders
