[13, 20, 14, 9, 17, 30, 35, 25, 29, 40] # Value optimal policy for solution experiment 1
[13, 20, 14, 9, 17, 30, 35, 22, 27, 40] # Value optimal policy for solution experiment 2
[29, 44, 22, 9, 33, 68, 68, 44, 56, 81] # Value optimal policy for solution experiment 3


[33, 34, 32, 22, 12, 22, 33, 32, 33, 15, 36, 30, 33, 36, 19, 29, 38, 22, 31, 25, 29, 13, 17, 30, 16, 20, 25, 28, 19, 28, 24, 18, 9, 18, 40, 18, 33, 30, 40, 28, 31, 35, 24, 19, 22, 20, 27, 21, 15, 35] # Value optimal policy for solution experiment 6: hard
[26, 27, 22, 22, 14, 31, 28, 20, 18, 18, 25, 59, 27, 29, 5, 37, 32, 23, 19, 29, 29, 18, 24, 17, 19, 21, 18, 37, 23, 25, 20, 31, 21, 14, 30, 24, 24, 29, 14, 23, 31, 17, 21, 25, 15, 19, 33, 39, 18, 20] # Value optimal policy for solution experiment 7: mixed
[14, 22, 24, 23, 14, 28, 29, 28, 34, 20, 31, 8, 15, 25, 26, 26, 22, 23, 31, 32, 36, 13, 28, 32, 18, 16, 22, 18, 28, 29, 35, 28, 25, 31, 44, 13, 20, 25, 20, 21, 18, 18, 9, 23, 25, 33, 24, 22, 31, 18] # Value optimal policy for solution experiment 8: soft_strict
[25, 28, 29, 23, 39, 32, 23, 17, 18, 21, 29, 28, 37, 20, 26, 22, 31, 31, 37, 29, 23, 24, 18, 32, 14, 28, 22, 14, 33, 23, 21, 18, 20, 23, 24, 20, 23, 26, 29, 20, 36, 29, 23, 28, 22, 15, 21, 29, 28, 25] # Value optimal policy for solution experiment 9: soft
[26, 28, 22, 20, 25, 28, 24, 22, 28, 23, 27, 16, 18, 13, 32, 20, 24, 25, 24, 28, 24, 28, 8, 28, 25, 30, 28, 22, 20, 18, 28, 30, 16, 18, 29, 22, 27, 20, 27, 30, 32, 25, 10, 24, 18, 25, 27, 18, 17, 28] # Value optimal policy for solution experiment 10: no_orders
