[15, 15, 12, 17, 22, 23, 19, 17, 30, 31] # Value optimal policy for solution experiment 1
[15, 15, 12, 17, 22, 21, 19, 15, 30, 31] # Value optimal policy for solution experiment 2
[31, 31, 22, 33, 28, 56, 52, 31, 46, 90] # Value optimal policy for solution experiment 3


[25, 24, 35, 28, 16, 26, 37, 34, 38, 14, 26, 35, 36, 25, 16, 31, 23, 26, 38, 30, 28, 13, 22, 33, 13, 14, 35, 35, 30, 29, 17, 25, 17, 17, 42, 13, 26, 30, 38, 27, 27, 39, 15, 14, 19, 14, 17, 13, 18, 35] # Value optimal policy for solution experiment 6: hard
[23, 34, 32, 24, 12, 37, 37, 15, 14, 18, 40, 63, 22, 19, 10, 19, 29, 38, 28, 18, 33, 13, 15, 18, 23, 29, 29, 44, 24, 21, 14, 29, 17, 12, 37, 16, 29, 17, 12, 16, 30, 16, 29, 28, 16, 19, 27, 38, 31, 21] # Value optimal policy for solution experiment 7: mixed
[11, 16, 23, 19, 12, 32, 19, 19, 35, 16, 28, 7, 17, 35, 21, 17, 19, 27, 34, 29, 47, 14, 40, 36, 29, 19, 17, 26, 32, 33, 28, 35, 25, 22, 39, 11, 24, 34, 20, 17, 29, 14, 19, 22, 42, 17, 43, 16, 25, 7] # Value optimal policy for solution experiment 8: soft_strict
[30, 31, 30, 27, 31, 29, 14, 17, 15, 16, 29, 15, 40, 22, 24, 31, 24, 37, 32, 33, 31, 17, 16, 41, 12, 29, 16, 19, 18, 36, 18, 19, 16, 30, 30, 26, 27, 27, 21, 16, 27, 25, 29, 30, 25, 10, 31, 13, 27, 30] # Value optimal policy for solution experiment 9: soft
[14, 15, 22, 29, 23, 25, 22, 16, 15, 33, 25, 13, 27, 23, 32, 24, 32, 25, 14, 13, 13, 27, 7, 29, 19, 17, 25, 26, 14, 27, 25, 33, 20, 17, 17, 24, 22, 24, 25, 17, 35, 25, 12, 17, 16, 27, 34, 19, 12, 33] # Value optimal policy for solution experiment 10: no_orders
