[15, 6, 16, 17, 28, 30, 19, 18, 37, 21]  # Value optimal policy for solution experiment 1
[15, 6, 16, 17, 26, 28, 19, 16, 35, 21]  # Value optimal policy for solution experiment 2
[19, 6, 20, 19, 30, 30, 44, 30, 42, 46]  # Value optimal policy for solution experiment 3


[31, 17, 27, 38, 8, 29, 22, 26, 28, 18, 34, 30, 22, 24, 20, 26, 28, 20, 19, 33, 26, 14, 26, 24, 12, 12, 34, 26, 16, 28, 29, 22, 17, 18, 34, 20, 34, 28, 30, 29, 24, 36, 19, 23, 29, 12, 29, 15, 14, 23] # Value optimal policy for solution experiment 6: hard
[10, 22, 26, 27, 12, 20, 33, 16, 21, 19, 32, 62, 31, 21, 11, 33, 28, 30, 32, 18, 32, 20, 26, 16, 15, 20, 30, 40, 24, 16, 16, 28, 21, 16, 37, 24, 22, 21, 16, 23, 22, 14, 34, 19, 10, 19, 33, 21, 29, 23] # Value optimal policy for solution experiment 7: mixed
[18, 16, 21, 23, 16, 26, 21, 22, 38, 14, 33, 10, 21, 34, 16, 19, 21, 25, 24, 19, 32, 7, 30, 29, 18, 16, 18, 27, 31, 22, 26, 24, 18, 21, 30, 14, 23, 27, 18, 12, 22, 21, 14, 29, 28, 23, 38, 20, 23, 16] # Value optimal policy for solution experiment 8: soft_strict
[28, 23, 30, 25, 22, 24, 12, 20, 10, 23, 25, 23, 32, 27, 32, 36, 26, 22, 23, 18, 22, 26, 23, 47, 16, 22, 14, 25, 20, 25, 16, 31, 12, 20, 32, 29, 27, 30, 21, 12, 31, 36, 25, 28, 27, 15, 31, 17, 30, 28] # Value optimal policy for solution experiment 9: soft
[21, 23, 25, 21, 28, 25, 30, 20, 19, 18, 26, 12, 20, 16, 24, 23, 20, 24, 14, 21, 17, 29, 10, 28, 18, 21, 23, 20, 12, 21, 18, 26, 27, 17, 21, 22, 31, 31, 22, 21, 27, 23, 10, 19, 18, 25, 22, 19, 13, 22] # Value optimal policy for solution experiment 10: no_orders
