[6, 9, 11, 8, 10, 21, 20, 20, 13, 26] # Value optimal policy for solution experiment 1
[6, 9, 11, 8, 10, 19, 20, 13, 13, 26] # Value optimal policy for solution experiment 2
[6, 9, 24, 8, 26, 27, 28, 21, 29, 45] # Value optimal policy for solution experiment 3


[37, 27, 16, 27, 12, 27, 29, 29, 16, 23, 17, 29, 16, 25, 11, 29, 25, 27, 14, 21, 26, 9, 10, 29, 9, 10, 16, 16, 15, 14, 13, 29, 8, 13, 32, 13, 21, 21, 41, 17, 23, 19, 14, 17, 14, 10, 15, 8, 27, 21] # Value optimal policy for solution experiment 6: hard
[17, 21, 14, 14, 8, 28, 31, 13, 17, 8, 22, 50, 15, 17, 2, 28, 32, 18, 29, 12, 27, 13, 14, 10, 11, 8, 27, 19, 29, 21, 13, 27, 12, 13, 29, 9, 18, 20, 13, 15, 18, 10, 27, 16, 21, 13, 19, 35, 17, 19] # Value optimal policy for solution experiment 7: mixed
[10, 14, 15, 12, 11, 17, 17, 27, 27, 10, 23, 3, 12, 16, 10, 11, 16, 22, 15, 14, 25, 13, 21, 16, 25, 13, 13, 27, 15, 25, 31, 29, 17, 17, 27, 13, 12, 29, 19, 16, 29, 17, 3, 17, 20, 19, 40, 15, 25, 15] # Value optimal policy for solution experiment 8: soft_strict
[16, 16, 25, 29, 27, 27, 19, 25, 13, 15, 19, 17, 27, 15, 23, 34, 31, 22, 24, 20, 16, 13, 19, 33, 13, 29, 11, 10, 13, 16, 12, 22, 11, 25, 25, 29, 11, 16, 18, 11, 26, 15, 16, 19, 19, 14, 29, 16, 28, 16] # Value optimal policy for solution experiment 9: soft
[17, 13, 12, 15, 14, 27, 12, 15, 15, 14, 14, 9, 15, 13, 19, 12, 17, 27, 15, 15, 9, 27, 3, 14, 27, 17, 15, 27, 10, 15, 15, 29, 13, 8, 17, 29, 15, 29, 21, 11, 16, 25, 6, 10, 23, 27, 17, 12, 10, 29] # Value optimal policy for solution experiment 10: no_orders
