[14, 15, 18, 14, 20, 21, 20, 19, 29, 35] # Value optimal policy for solution experiment 1
[14, 15, 18, 14, 20, 17, 18, 15, 27, 33] # Value optimal policy for solution experiment 2
[24, 25, 26, 22, 29, 27, 27, 25, 69, 48] # Value optimal policy for solution experiment 3


[43, 29, 25, 37, 11, 32, 37, 33, 31, 27, 39, 27, 31, 39, 21, 35, 35, 37, 24, 33, 35, 19, 20, 32, 13, 19, 26, 27, 27, 31, 28, 33, 14, 22, 38, 29, 31, 37, 42, 37, 30, 33, 22, 27, 18, 19, 38, 18, 25, 35] # Value optimal policy for solution experiment 6: hard
[15, 32, 35, 23, 15, 34, 26, 17, 27, 17, 32, 56, 31, 17, 12, 39, 34, 34, 18, 29, 29, 27, 27, 18, 13, 19, 21, 39, 22, 15, 31, 32, 25, 18, 30, 21, 18, 16, 18, 30, 34, 18, 35, 30, 25, 14, 37, 31, 31, 32] # Value optimal policy for solution experiment 7: mixed
[19, 23, 15, 16, 18, 33, 17, 33, 27, 21, 35, 6, 14, 26, 25, 15, 28, 28, 24, 30, 41, 11, 35, 25, 21, 23, 19, 18, 32, 22, 39, 18, 22, 30, 39, 22, 23, 35, 35, 13, 21, 27, 19, 33, 33, 20, 29, 33, 31, 25] # Value optimal policy for solution experiment 8: soft_strict
[20, 34, 33, 26, 41, 32, 14, 27, 13, 24, 35, 29, 24, 31, 28, 39, 26, 32, 36, 26, 18, 26, 27, 39, 18, 20, 27, 22, 35, 26, 32, 30, 13, 39, 36, 22, 21, 31, 19, 13, 38, 34, 21, 27, 25, 12, 35, 16, 18, 27] # Value optimal policy for solution experiment 9: soft
[29, 27, 21, 28, 20, 33, 31, 33, 29, 23, 23, 13, 29, 22, 35, 21, 18, 29, 15, 29, 15, 18, 6, 31, 29, 29, 31, 37, 19, 28, 24, 20, 18, 16, 17, 37, 31, 32, 29, 25, 25, 29, 9, 24, 33, 29, 32, 16, 14, 18] # Value optimal policy for solution experiment 10: no_orders
